X Y Z R G B Nx Ny Nz
628 318 -0.5 0 255 255 0 0 -1
628 318 0.5 0 255 255 0 0 1
627 319 -0.5 0 255 255 0 0 -1
627 319 0.5 0 255 255 0 0 1
625 319 -0.5 0 255 255 0 0 -1
625 319 0.5 0 255 255 0 0 1
623 321 -0.5 0 255 255 0 0 -1
623 321 0.5 0 255 255 0 0 1
621 321 -0.5 0 255 255 0 0 -1
621 321 0.5 0 255 255 0 0 1
620 322 -0.5 0 255 255 0 0 -1
620 322 0.5 0 255 255 0 0 1
619 322 -0.5 0 255 255 0 0 -1
619 322 0.5 0 255 255 0 0 1
617 324 -0.5 0 255 255 0 0 -1
617 324 0.5 0 255 255 0 0 1
616 324 -0.5 0 255 255 0 0 -1
616 324 0.5 0 255 255 0 0 1
615 325 -0.5 0 255 255 0 0 -1
615 325 0.5 0 255 255 0 0 1
614 325 -0.5 0 255 255 0 0 -1
614 325 0.5 0 255 255 0 0 1
613 326 -0.5 0 255 255 0 0 -1
613 326 0.5 0 255 255 0 0 1
612 326 -0.5 0 255 255 0 0 -1
612 326 0.5 0 255 255 0 0 1
611 327 -0.5 0 255 255 0 0 -1
611 327 0.5 0 255 255 0 0 1
610 327 -0.5 0 255 255 0 0 -1
610 327 0.5 0 255 255 0 0 1
609 328 -0.5 0 255 255 0 0 -1
609 328 0.5 0 255 255 0 0 1
605 328 -0.5 0 255 255 0 0 -1
605 328 0.5 0 255 255 0 0 1
604 327 -0.5 0 255 255 0 0 -1
604 327 0.5 0 255 255 0 0 1
600 327 -0.5 0 255 255 0 0 -1
600 327 0.5 0 255 255 0 0 1
599 328 -0.5 0 255 255 0 0 -1
599 328 0.5 0 255 255 0 0 1
598 328 -0.5 0 255 255 0 0 -1
598 328 0.5 0 255 255 0 0 1
597 329 -0.5 0 255 255 0 0 -1
597 329 0.5 0 255 255 0 0 1
596 329 -0.5 0 255 255 0 0 -1
596 329 0.5 0 255 255 0 0 1
594 331 -0.5 0 255 255 0 0 -1
594 331 0.5 0 255 255 0 0 1
593 331 -0.5 0 255 255 0 0 -1
593 331 0.5 0 255 255 0 0 1
591 333 -0.5 0 255 255 0 0 -1
591 333 0.5 0 255 255 0 0 1
589 333 -0.5 0 255 255 0 0 -1
589 333 0.5 0 255 255 0 0 1
588 334 -0.5 0 255 255 0 0 -1
588 334 0.5 0 255 255 0 0 1
588 335 -0.5 0 255 255 0 0 -1
588 335 0.5 0 255 255 0 0 1
587 336 -0.5 0 255 255 0 0 -1
587 336 0.5 0 255 255 0 0 1
586 336 -0.5 0 255 255 0 0 -1
586 336 0.5 0 255 255 0 0 1
584 338 -0.5 0 255 255 0 0 -1
584 338 0.5 0 255 255 0 0 1
583 338 -0.5 0 255 255 0 0 -1
583 338 0.5 0 255 255 0 0 1
581 340 -0.5 0 255 255 0 0 -1
581 340 0.5 0 255 255 0 0 1
580 340 -0.5 0 255 255 0 0 -1
580 340 0.5 0 255 255 0 0 1
579 341 -0.5 0 255 255 0 0 -1
579 341 0.5 0 255 255 0 0 1
578 341 -0.5 0 255 255 0 0 -1
578 341 0.5 0 255 255 0 0 1
576 343 -0.5 0 255 255 0 0 -1
576 343 0.5 0 255 255 0 0 1
575 343 -0.5 0 255 255 0 0 -1
575 343 0.5 0 255 255 0 0 1
574 344 -0.5 0 255 255 0 0 -1
574 344 0.5 0 255 255 0 0 1
573 344 -0.5 0 255 255 0 0 -1
573 344 0.5 0 255 255 0 0 1
571 346 -0.5 0 255 255 0 0 -1
571 346 0.5 0 255 255 0 0 1
570 346 -0.5 0 255 255 0 0 -1
570 346 0.5 0 255 255 0 0 1
569 347 -0.5 0 255 255 0 0 -1
569 347 0.5 0 255 255 0 0 1
567 347 -0.5 0 255 255 0 0 -1
567 347 0.5 0 255 255 0 0 1
566 348 -0.5 0 255 255 0 0 -1
566 348 0.5 0 255 255 0 0 1
564 348 -0.5 0 255 255 0 0 -1
564 348 0.5 0 255 255 0 0 1
563 349 -0.5 0 255 255 0 0 -1
563 349 0.5 0 255 255 0 0 1
561 349 -0.5 0 255 255 0 0 -1
561 349 0.5 0 255 255 0 0 1
560 350 -0.5 0 255 255 0 0 -1
560 350 0.5 0 255 255 0 0 1
558 350 -0.5 0 255 255 0 0 -1
558 350 0.5 0 255 255 0 0 1
557 351 -0.5 0 255 255 0 0 -1
557 351 0.5 0 255 255 0 0 1
555 351 -0.5 0 255 255 0 0 -1
555 351 0.5 0 255 255 0 0 1
554 352 -0.5 0 255 255 0 0 -1
554 352 0.5 0 255 255 0 0 1
553 352 -0.5 0 255 255 0 0 -1
553 352 0.5 0 255 255 0 0 1
551 354 -0.5 0 255 255 0 0 -1
551 354 0.5 0 255 255 0 0 1
547 354 -0.5 0 255 255 0 0 -1
547 354 0.5 0 255 255 0 0 1
545 356 -0.5 0 255 255 0 0 -1
545 356 0.5 0 255 255 0 0 1
544 356 -0.5 0 255 255 0 0 -1
544 356 0.5 0 255 255 0 0 1
543 357 -0.5 0 255 255 0 0 -1
543 357 0.5 0 255 255 0 0 1
542 357 -0.5 0 255 255 0 0 -1
542 357 0.5 0 255 255 0 0 1
540 359 -0.5 0 255 255 0 0 -1
540 359 0.5 0 255 255 0 0 1
539 359 -0.5 0 255 255 0 0 -1
539 359 0.5 0 255 255 0 0 1
538 360 -0.5 0 255 255 0 0 -1
538 360 0.5 0 255 255 0 0 1
536 360 -0.5 0 255 255 0 0 -1
536 360 0.5 0 255 255 0 0 1
535 361 -0.5 0 255 255 0 0 -1
535 361 0.5 0 255 255 0 0 1
534 361 -0.5 0 255 255 0 0 -1
534 361 0.5 0 255 255 0 0 1
533 362 -0.5 0 255 255 0 0 -1
533 362 0.5 0 255 255 0 0 1
532 362 -0.5 0 255 255 0 0 -1
532 362 0.5 0 255 255 0 0 1
531 363 -0.5 0 255 255 0 0 -1
531 363 0.5 0 255 255 0 0 1
530 363 -0.5 0 255 255 0 0 -1
530 363 0.5 0 255 255 0 0 1
529 364 -0.5 0 255 255 0 0 -1
529 364 0.5 0 255 255 0 0 1
528 364 -0.5 0 255 255 0 0 -1
528 364 0.5 0 255 255 0 0 1
527 365 -0.5 0 255 255 0 0 -1
527 365 0.5 0 255 255 0 0 1
526 365 -0.5 0 255 255 0 0 -1
526 365 0.5 0 255 255 0 0 1
525 366 -0.5 0 255 255 0 0 -1
525 366 0.5 0 255 255 0 0 1
524 366 -0.5 0 255 255 0 0 -1
524 366 0.5 0 255 255 0 0 1
523 367 -0.5 0 255 255 0 0 -1
523 367 0.5 0 255 255 0 0 1
522 367 -0.5 0 255 255 0 0 -1
522 367 0.5 0 255 255 0 0 1
521 368 -0.5 0 255 255 0 0 -1
521 368 0.5 0 255 255 0 0 1
520 368 -0.5 0 255 255 0 0 -1
520 368 0.5 0 255 255 0 0 1
519 369 -0.5 0 255 255 0 0 -1
519 369 0.5 0 255 255 0 0 1
518 369 -0.5 0 255 255 0 0 -1
518 369 0.5 0 255 255 0 0 1
517 370 -0.5 0 255 255 0 0 -1
517 370 0.5 0 255 255 0 0 1
516 370 -0.5 0 255 255 0 0 -1
516 370 0.5 0 255 255 0 0 1
515 371 -0.5 0 255 255 0 0 -1
515 371 0.5 0 255 255 0 0 1
514 371 -0.5 0 255 255 0 0 -1
514 371 0.5 0 255 255 0 0 1
513 372 -0.5 0 255 255 0 0 -1
513 372 0.5 0 255 255 0 0 1
511 372 -0.5 0 255 255 0 0 -1
511 372 0.5 0 255 255 0 0 1
510 373 -0.5 0 255 255 0 0 -1
510 373 0.5 0 255 255 0 0 1
509 373 -0.5 0 255 255 0 0 -1
509 373 0.5 0 255 255 0 0 1
508 374 -0.5 0 255 255 0 0 -1
508 374 0.5 0 255 255 0 0 1
506 374 -0.5 0 255 255 0 0 -1
506 374 0.5 0 255 255 0 0 1
505 375 -0.5 0 255 255 0 0 -1
505 375 0.5 0 255 255 0 0 1
504 375 -0.5 0 255 255 0 0 -1
504 375 0.5 0 255 255 0 0 1
503 376 -0.5 0 255 255 0 0 -1
503 376 0.5 0 255 255 0 0 1
502 376 -0.5 0 255 255 0 0 -1
502 376 0.5 0 255 255 0 0 1
501 377 -0.5 0 255 255 0 0 -1
501 377 0.5 0 255 255 0 0 1
499 377 -0.5 0 255 255 0 0 -1
499 377 0.5 0 255 255 0 0 1
498 378 -0.5 0 255 255 0 0 -1
498 378 0.5 0 255 255 0 0 1
497 378 -0.5 0 255 255 0 0 -1
497 378 0.5 0 255 255 0 0 1
496 379 -0.5 0 255 255 0 0 -1
496 379 0.5 0 255 255 0 0 1
493 379 -0.5 0 255 255 0 0 -1
493 379 0.5 0 255 255 0 0 1
492 380 -0.5 0 255 255 0 0 -1
492 380 0.5 0 255 255 0 0 1
489 380 -0.5 0 255 255 0 0 -1
489 380 0.5 0 255 255 0 0 1
488 381 -0.5 0 255 255 0 0 -1
488 381 0.5 0 255 255 0 0 1
486 381 -0.5 0 255 255 0 0 -1
486 381 0.5 0 255 255 0 0 1
485 382 -0.5 0 255 255 0 0 -1
485 382 0.5 0 255 255 0 0 1
484 382 -0.5 0 255 255 0 0 -1
484 382 0.5 0 255 255 0 0 1
483 383 -0.5 0 255 255 0 0 -1
483 383 0.5 0 255 255 0 0 1
481 383 -0.5 0 255 255 0 0 -1
481 383 0.5 0 255 255 0 0 1
480 384 -0.5 0 255 255 0 0 -1
480 384 0.5 0 255 255 0 0 1
478 384 -0.5 0 255 255 0 0 -1
478 384 0.5 0 255 255 0 0 1
477 385 -0.5 0 255 255 0 0 -1
477 385 0.5 0 255 255 0 0 1
474 385 -0.5 0 255 255 0 0 -1
474 385 0.5 0 255 255 0 0 1
473 386 -0.5 0 255 255 0 0 -1
473 386 0.5 0 255 255 0 0 1
470 386 -0.5 0 255 255 0 0 -1
470 386 0.5 0 255 255 0 0 1
469 387 -0.5 0 255 255 0 0 -1
469 387 0.5 0 255 255 0 0 1
466 387 -0.5 0 255 255 0 0 -1
466 387 0.5 0 255 255 0 0 1
465 388 -0.5 0 255 255 0 0 -1
465 388 0.5 0 255 255 0 0 1
459 388 -0.5 0 255 255 0 0 -1
459 388 0.5 0 255 255 0 0 1
458 389 -0.5 0 255 255 0 0 -1
458 389 0.5 0 255 255 0 0 1
457 389 -0.5 0 255 255 0 0 -1
457 389 0.5 0 255 255 0 0 1
456 390 -0.5 0 255 255 0 0 -1
456 390 0.5 0 255 255 0 0 1
456 395 -0.5 0 255 255 0 0 -1
456 395 0.5 0 255 255 0 0 1
455 396 -0.5 0 255 255 0 0 -1
455 396 0.5 0 255 255 0 0 1
453 396 -0.5 0 255 255 0 0 -1
453 396 0.5 0 255 255 0 0 1
452 397 -0.5 0 255 255 0 0 -1
452 397 0.5 0 255 255 0 0 1
450 397 -0.5 0 255 255 0 0 -1
450 397 0.5 0 255 255 0 0 1
449 398 -0.5 0 255 255 0 0 -1
449 398 0.5 0 255 255 0 0 1
444 398 -0.5 0 255 255 0 0 -1
444 398 0.5 0 255 255 0 0 1
443 399 -0.5 0 255 255 0 0 -1
443 399 0.5 0 255 255 0 0 1
439 399 -0.5 0 255 255 0 0 -1
439 399 0.5 0 255 255 0 0 1
438 400 -0.5 0 255 255 0 0 -1
438 400 0.5 0 255 255 0 0 1
435 400 -0.5 0 255 255 0 0 -1
435 400 0.5 0 255 255 0 0 1
434 401 -0.5 0 255 255 0 0 -1
434 401 0.5 0 255 255 0 0 1
430 401 -0.5 0 255 255 0 0 -1
430 401 0.5 0 255 255 0 0 1
429 402 -0.5 0 255 255 0 0 -1
429 402 0.5 0 255 255 0 0 1
424 402 -0.5 0 255 255 0 0 -1
424 402 0.5 0 255 255 0 0 1
423 403 -0.5 0 255 255 0 0 -1
423 403 0.5 0 255 255 0 0 1
417 403 -0.5 0 255 255 0 0 -1
417 403 0.5 0 255 255 0 0 1
416 404 -0.5 0 255 255 0 0 -1
416 404 0.5 0 255 255 0 0 1
412 404 -0.5 0 255 255 0 0 -1
412 404 0.5 0 255 255 0 0 1
411 405 -0.5 0 255 255 0 0 -1
411 405 0.5 0 255 255 0 0 1
395 405 -0.5 0 255 255 0 0 -1
395 405 0.5 0 255 255 0 0 1
394 404 -0.5 0 255 255 0 0 -1
394 404 0.5 0 255 255 0 0 1
385 404 -0.5 0 255 255 0 0 -1
385 404 0.5 0 255 255 0 0 1
384 403 -0.5 0 255 255 0 0 -1
384 403 0.5 0 255 255 0 0 1
376 403 -0.5 0 255 255 0 0 -1
376 403 0.5 0 255 255 0 0 1
375 402 -0.5 0 255 255 0 0 -1
375 402 0.5 0 255 255 0 0 1
366 402 -0.5 0 255 255 0 0 -1
366 402 0.5 0 255 255 0 0 1
365 401 -0.5 0 255 255 0 0 -1
365 401 0.5 0 255 255 0 0 1
361 401 -0.5 0 255 255 0 0 -1
361 401 0.5 0 255 255 0 0 1
360 400 -0.5 0 255 255 0 0 -1
360 400 0.5 0 255 255 0 0 1
354 400 -0.5 0 255 255 0 0 -1
354 400 0.5 0 255 255 0 0 1
353 399 -0.5 0 255 255 0 0 -1
353 399 0.5 0 255 255 0 0 1
346 399 -0.5 0 255 255 0 0 -1
346 399 0.5 0 255 255 0 0 1
345 398 -0.5 0 255 255 0 0 -1
345 398 0.5 0 255 255 0 0 1
341 398 -0.5 0 255 255 0 0 -1
341 398 0.5 0 255 255 0 0 1
340 397 -0.5 0 255 255 0 0 -1
340 397 0.5 0 255 255 0 0 1
333 397 -0.5 0 255 255 0 0 -1
333 397 0.5 0 255 255 0 0 1
332 396 -0.5 0 255 255 0 0 -1
332 396 0.5 0 255 255 0 0 1
325 396 -0.5 0 255 255 0 0 -1
325 396 0.5 0 255 255 0 0 1
324 395 -0.5 0 255 255 0 0 -1
324 395 0.5 0 255 255 0 0 1
318 395 -0.5 0 255 255 0 0 -1
318 395 0.5 0 255 255 0 0 1
317 394 -0.5 0 255 255 0 0 -1
317 394 0.5 0 255 255 0 0 1
314 394 -0.5 0 255 255 0 0 -1
314 394 0.5 0 255 255 0 0 1
313 393 -0.5 0 255 255 0 0 -1
313 393 0.5 0 255 255 0 0 1
307 393 -0.5 0 255 255 0 0 -1
307 393 0.5 0 255 255 0 0 1
306 392 -0.5 0 255 255 0 0 -1
306 392 0.5 0 255 255 0 0 1
300 392 -0.5 0 255 255 0 0 -1
300 392 0.5 0 255 255 0 0 1
299 391 -0.5 0 255 255 0 0 -1
299 391 0.5 0 255 255 0 0 1
293 391 -0.5 0 255 255 0 0 -1
293 391 0.5 0 255 255 0 0 1
292 390 -0.5 0 255 255 0 0 -1
292 390 0.5 0 255 255 0 0 1
288 390 -0.5 0 255 255 0 0 -1
288 390 0.5 0 255 255 0 0 1
287 389 -0.5 0 255 255 0 0 -1
287 389 0.5 0 255 255 0 0 1
276 389 -0.5 0 255 255 0 0 -1
276 389 0.5 0 255 255 0 0 1
275 388 -0.5 0 255 255 0 0 -1
275 388 0.5 0 255 255 0 0 1
268 388 -0.5 0 255 255 0 0 -1
268 388 0.5 0 255 255 0 0 1
267 387 -0.5 0 255 255 0 0 -1
267 387 0.5 0 255 255 0 0 1
259 387 -0.5 0 255 255 0 0 -1
259 387 0.5 0 255 255 0 0 1
258 386 -0.5 0 255 255 0 0 -1
258 386 0.5 0 255 255 0 0 1
257 386 -0.5 0 255 255 0 0 -1
257 386 0.5 0 255 255 0 0 1
256 385 -0.5 0 255 255 0 0 -1
256 385 0.5 0 255 255 0 0 1
253 385 -0.5 0 255 255 0 0 -1
253 385 0.5 0 255 255 0 0 1
252 384 -0.5 0 255 255 0 0 -1
252 384 0.5 0 255 255 0 0 1
245 384 -0.5 0 255 255 0 0 -1
245 384 0.5 0 255 255 0 0 1
244 383 -0.5 0 255 255 0 0 -1
244 383 0.5 0 255 255 0 0 1
239 383 -0.5 0 255 255 0 0 -1
239 383 0.5 0 255 255 0 0 1
238 382 -0.5 0 255 255 0 0 -1
238 382 0.5 0 255 255 0 0 1
232 382 -0.5 0 255 255 0 0 -1
232 382 0.5 0 255 255 0 0 1
231 381 -0.5 0 255 255 0 0 -1
231 381 0.5 0 255 255 0 0 1
224 381 -0.5 0 255 255 0 0 -1
224 381 0.5 0 255 255 0 0 1
223 380 -0.5 0 255 255 0 0 -1
223 380 0.5 0 255 255 0 0 1
219 380 -0.5 0 255 255 0 0 -1
219 380 0.5 0 255 255 0 0 1
218 379 -0.5 0 255 255 0 0 -1
218 379 0.5 0 255 255 0 0 1
216 379 -0.5 0 255 255 0 0 -1
216 379 0.5 0 255 255 0 0 1
215 378 -0.5 0 255 255 0 0 -1
215 378 0.5 0 255 255 0 0 1
205 378 -0.5 0 255 255 0 0 -1
205 378 0.5 0 255 255 0 0 1
204 377 -0.5 0 255 255 0 0 -1
204 377 0.5 0 255 255 0 0 1
194 377 -0.5 0 255 255 0 0 -1
194 377 0.5 0 255 255 0 0 1
193 376 -0.5 0 255 255 0 0 -1
193 376 0.5 0 255 255 0 0 1
166 376 -0.5 0 255 255 0 0 -1
166 376 0.5 0 255 255 0 0 1
165 377 -0.5 0 255 255 0 0 -1
165 377 0.5 0 255 255 0 0 1
143 377 -0.5 0 255 255 0 0 -1
143 377 0.5 0 255 255 0 0 1
142 378 -0.5 0 255 255 0 0 -1
142 378 0.5 0 255 255 0 0 1
142 380 -0.5 0 255 255 0 0 -1
142 380 0.5 0 255 255 0 0 1
140 382 -0.5 0 255 255 0 0 -1
140 382 0.5 0 255 255 0 0 1
138 382 -0.5 0 255 255 0 0 -1
138 382 0.5 0 255 255 0 0 1
137 383 -0.5 0 255 255 0 0 -1
137 383 0.5 0 255 255 0 0 1
131 383 -0.5 0 255 255 0 0 -1
131 383 0.5 0 255 255 0 0 1
130 384 -0.5 0 255 255 0 0 -1
130 384 0.5 0 255 255 0 0 1
128 384 -0.5 0 255 255 0 0 -1
128 384 0.5 0 255 255 0 0 1
126 386 -0.5 0 255 255 0 0 -1
126 386 0.5 0 255 255 0 0 1
125 386 -0.5 0 255 255 0 0 -1
125 386 0.5 0 255 255 0 0 1
124 387 -0.5 0 255 255 0 0 -1
124 387 0.5 0 255 255 0 0 1
123 387 -0.5 0 255 255 0 0 -1
123 387 0.5 0 255 255 0 0 1
122 388 -0.5 0 255 255 0 0 -1
122 388 0.5 0 255 255 0 0 1
121 388 -0.5 0 255 255 0 0 -1
121 388 0.5 0 255 255 0 0 1
120 389 -0.5 0 255 255 0 0 -1
120 389 0.5 0 255 255 0 0 1
119 389 -0.5 0 255 255 0 0 -1
119 389 0.5 0 255 255 0 0 1
116 392 -0.5 0 255 255 0 0 -1
116 392 0.5 0 255 255 0 0 1
115 392 -0.5 0 255 255 0 0 -1
115 392 0.5 0 255 255 0 0 1
111 396 -0.5 0 255 255 0 0 -1
111 396 0.5 0 255 255 0 0 1
110 396 -0.5 0 255 255 0 0 -1
110 396 0.5 0 255 255 0 0 1
105 401 -0.5 0 255 255 0 0 -1
105 401 0.5 0 255 255 0 0 1
104 401 -0.5 0 255 255 0 0 -1
104 401 0.5 0 255 255 0 0 1
102 403 -0.5 0 255 255 0 0 -1
102 403 0.5 0 255 255 0 0 1
101 403 -0.5 0 255 255 0 0 -1
101 403 0.5 0 255 255 0 0 1
101 404 -0.5 0 255 255 0 0 -1
101 404 0.5 0 255 255 0 0 1
89 416 -0.5 0 255 255 0 0 -1
89 416 0.5 0 255 255 0 0 1
89 417 -0.5 0 255 255 0 0 -1
89 417 0.5 0 255 255 0 0 1
82 424 -0.5 0 255 255 0 0 -1
82 424 0.5 0 255 255 0 0 1
82 425 -0.5 0 255 255 0 0 -1
82 425 0.5 0 255 255 0 0 1
76 431 -0.5 0 255 255 0 0 -1
76 431 0.5 0 255 255 0 0 1
76 432 -0.5 0 255 255 0 0 -1
76 432 0.5 0 255 255 0 0 1
72 436 -0.5 0 255 255 0 0 -1
72 436 0.5 0 255 255 0 0 1
72 437 -0.5 0 255 255 0 0 -1
72 437 0.5 0 255 255 0 0 1
70 439 -0.5 0 255 255 0 0 -1
70 439 0.5 0 255 255 0 0 1
70 441 -0.5 0 255 255 0 0 -1
70 441 0.5 0 255 255 0 0 1
66 445 -0.5 0 255 255 0 0 -1
66 445 0.5 0 255 255 0 0 1
66 446 -0.5 0 255 255 0 0 -1
66 446 0.5 0 255 255 0 0 1
64 448 -0.5 0 255 255 0 0 -1
64 448 0.5 0 255 255 0 0 1
64 449 -0.5 0 255 255 0 0 -1
64 449 0.5 0 255 255 0 0 1
63 450 -0.5 0 255 255 0 0 -1
63 450 0.5 0 255 255 0 0 1
63 451 -0.5 0 255 255 0 0 -1
63 451 0.5 0 255 255 0 0 1
62 452 -0.5 0 255 255 0 0 -1
62 452 0.5 0 255 255 0 0 1
62 453 -0.5 0 255 255 0 0 -1
62 453 0.5 0 255 255 0 0 1
61 454 -0.5 0 255 255 0 0 -1
61 454 0.5 0 255 255 0 0 1
61 457 -0.5 0 255 255 0 0 -1
61 457 0.5 0 255 255 0 0 1
59 459 -0.5 0 255 255 0 0 -1
59 459 0.5 0 255 255 0 0 1
59 461 -0.5 0 255 255 0 0 -1
59 461 0.5 0 255 255 0 0 1
58 462 -0.5 0 255 255 0 0 -1
58 462 0.5 0 255 255 0 0 1
58 463 -0.5 0 255 255 0 0 -1
58 463 0.5 0 255 255 0 0 1
57 464 -0.5 0 255 255 0 0 -1
57 464 0.5 0 255 255 0 0 1
57 468 -0.5 0 255 255 0 0 -1
57 468 0.5 0 255 255 0 0 1
55 470 -0.5 0 255 255 0 0 -1
55 470 0.5 0 255 255 0 0 1
55 473 -0.5 0 255 255 0 0 -1
55 473 0.5 0 255 255 0 0 1
54 474 -0.5 0 255 255 0 0 -1
54 474 0.5 0 255 255 0 0 1
54 475 -0.5 0 255 255 0 0 -1
54 475 0.5 0 255 255 0 0 1
53 476 -0.5 0 255 255 0 0 -1
53 476 0.5 0 255 255 0 0 1
53 477 -0.5 0 255 255 0 0 -1
53 477 0.5 0 255 255 0 0 1
52 478 -0.5 0 255 255 0 0 -1
52 478 0.5 0 255 255 0 0 1
52 479 -0.5 0 255 255 0 0 -1
52 479 0.5 0 255 255 0 0 1
49 482 -0.5 0 255 255 0 0 -1
49 482 0.5 0 255 255 0 0 1
49 485 -0.5 0 255 255 0 0 -1
49 485 0.5 0 255 255 0 0 1
48 486 -0.5 0 255 255 0 0 -1
48 486 0.5 0 255 255 0 0 1
48 491 -0.5 0 255 255 0 0 -1
48 491 0.5 0 255 255 0 0 1
47 492 -0.5 0 255 255 0 0 -1
47 492 0.5 0 255 255 0 0 1
47 505 -0.5 0 255 255 0 0 -1
47 505 0.5 0 255 255 0 0 1
49 507 -0.5 0 255 255 0 0 -1
49 507 0.5 0 255 255 0 0 1
49 508 -0.5 0 255 255 0 0 -1
49 508 0.5 0 255 255 0 0 1
50 509 -0.5 0 255 255 0 0 -1
50 509 0.5 0 255 255 0 0 1
50 510 -0.5 0 255 255 0 0 -1
50 510 0.5 0 255 255 0 0 1
51 511 -0.5 0 255 255 0 0 -1
51 511 0.5 0 255 255 0 0 1
51 512 -0.5 0 255 255 0 0 -1
51 512 0.5 0 255 255 0 0 1
53 514 -0.5 0 255 255 0 0 -1
53 514 0.5 0 255 255 0 0 1
53 515 -0.5 0 255 255 0 0 -1
53 515 0.5 0 255 255 0 0 1
54 516 -0.5 0 255 255 0 0 -1
54 516 0.5 0 255 255 0 0 1
54 517 -0.5 0 255 255 0 0 -1
54 517 0.5 0 255 255 0 0 1
55 518 -0.5 0 255 255 0 0 -1
55 518 0.5 0 255 255 0 0 1
55 520 -0.5 0 255 255 0 0 -1
55 520 0.5 0 255 255 0 0 1
56 521 -0.5 0 255 255 0 0 -1
56 521 0.5 0 255 255 0 0 1
56 522 -0.5 0 255 255 0 0 -1
56 522 0.5 0 255 255 0 0 1
57 523 -0.5 0 255 255 0 0 -1
57 523 0.5 0 255 255 0 0 1
57 524 -0.5 0 255 255 0 0 -1
57 524 0.5 0 255 255 0 0 1
61 528 -0.5 0 255 255 0 0 -1
61 528 0.5 0 255 255 0 0 1
61 529 -0.5 0 255 255 0 0 -1
61 529 0.5 0 255 255 0 0 1
62 530 -0.5 0 255 255 0 0 -1
62 530 0.5 0 255 255 0 0 1
62 531 -0.5 0 255 255 0 0 -1
62 531 0.5 0 255 255 0 0 1
63 532 -0.5 0 255 255 0 0 -1
63 532 0.5 0 255 255 0 0 1
63 533 -0.5 0 255 255 0 0 -1
63 533 0.5 0 255 255 0 0 1
65 535 -0.5 0 255 255 0 0 -1
65 535 0.5 0 255 255 0 0 1
65 538 -0.5 0 255 255 0 0 -1
65 538 0.5 0 255 255 0 0 1
66 539 -0.5 0 255 255 0 0 -1
66 539 0.5 0 255 255 0 0 1
66 540 -0.5 0 255 255 0 0 -1
66 540 0.5 0 255 255 0 0 1
68 542 -0.5 0 255 255 0 0 -1
68 542 0.5 0 255 255 0 0 1
69 542 -0.5 0 255 255 0 0 -1
69 542 0.5 0 255 255 0 0 1
72 545 -0.5 0 255 255 0 0 -1
72 545 0.5 0 255 255 0 0 1
72 546 -0.5 0 255 255 0 0 -1
72 546 0.5 0 255 255 0 0 1
73 546 -0.5 0 255 255 0 0 -1
73 546 0.5 0 255 255 0 0 1
74 547 -0.5 0 255 255 0 0 -1
74 547 0.5 0 255 255 0 0 1
75 547 -0.5 0 255 255 0 0 -1
75 547 0.5 0 255 255 0 0 1
76 548 -0.5 0 255 255 0 0 -1
76 548 0.5 0 255 255 0 0 1
76 549 -0.5 0 255 255 0 0 -1
76 549 0.5 0 255 255 0 0 1
77 549 -0.5 0 255 255 0 0 -1
77 549 0.5 0 255 255 0 0 1
79 551 -0.5 0 255 255 0 0 -1
79 551 0.5 0 255 255 0 0 1
79 552 -0.5 0 255 255 0 0 -1
79 552 0.5 0 255 255 0 0 1
86 559 -0.5 0 255 255 0 0 -1
86 559 0.5 0 255 255 0 0 1
86 560 -0.5 0 255 255 0 0 -1
86 560 0.5 0 255 255 0 0 1
89 563 -0.5 0 255 255 0 0 -1
89 563 0.5 0 255 255 0 0 1
90 563 -0.5 0 255 255 0 0 -1
90 563 0.5 0 255 255 0 0 1
91 564 -0.5 0 255 255 0 0 -1
91 564 0.5 0 255 255 0 0 1
92 564 -0.5 0 255 255 0 0 -1
92 564 0.5 0 255 255 0 0 1
94 566 -0.5 0 255 255 0 0 -1
94 566 0.5 0 255 255 0 0 1
95 566 -0.5 0 255 255 0 0 -1
95 566 0.5 0 255 255 0 0 1
96 567 -0.5 0 255 255 0 0 -1
96 567 0.5 0 255 255 0 0 1
97 567 -0.5 0 255 255 0 0 -1
97 567 0.5 0 255 255 0 0 1
101 571 -0.5 0 255 255 0 0 -1
101 571 0.5 0 255 255 0 0 1
101 572 -0.5 0 255 255 0 0 -1
101 572 0.5 0 255 255 0 0 1
102 572 -0.5 0 255 255 0 0 -1
102 572 0.5 0 255 255 0 0 1
104 574 -0.5 0 255 255 0 0 -1
104 574 0.5 0 255 255 0 0 1
105 574 -0.5 0 255 255 0 0 -1
105 574 0.5 0 255 255 0 0 1
107 576 -0.5 0 255 255 0 0 -1
107 576 0.5 0 255 255 0 0 1
108 576 -0.5 0 255 255 0 0 -1
108 576 0.5 0 255 255 0 0 1
110 578 -0.5 0 255 255 0 0 -1
110 578 0.5 0 255 255 0 0 1
110 579 -0.5 0 255 255 0 0 -1
110 579 0.5 0 255 255 0 0 1
111 580 -0.5 0 255 255 0 0 -1
111 580 0.5 0 255 255 0 0 1
113 580 -0.5 0 255 255 0 0 -1
113 580 0.5 0 255 255 0 0 1
115 582 -0.5 0 255 255 0 0 -1
115 582 0.5 0 255 255 0 0 1
116 582 -0.5 0 255 255 0 0 -1
116 582 0.5 0 255 255 0 0 1
118 584 -0.5 0 255 255 0 0 -1
118 584 0.5 0 255 255 0 0 1
119 584 -0.5 0 255 255 0 0 -1
119 584 0.5 0 255 255 0 0 1
120 585 -0.5 0 255 255 0 0 -1
120 585 0.5 0 255 255 0 0 1
121 585 -0.5 0 255 255 0 0 -1
121 585 0.5 0 255 255 0 0 1
125 589 -0.5 0 255 255 0 0 -1
125 589 0.5 0 255 255 0 0 1
125 590 -0.5 0 255 255 0 0 -1
125 590 0.5 0 255 255 0 0 1
126 591 -0.5 0 255 255 0 0 -1
126 591 0.5 0 255 255 0 0 1
126 593 -0.5 0 255 255 0 0 -1
126 593 0.5 0 255 255 0 0 1
127 593 -0.5 0 255 255 0 0 -1
127 593 0.5 0 255 255 0 0 1
128 594 -0.5 0 255 255 0 0 -1
128 594 0.5 0 255 255 0 0 1
129 594 -0.5 0 255 255 0 0 -1
129 594 0.5 0 255 255 0 0 1
130 595 -0.5 0 255 255 0 0 -1
130 595 0.5 0 255 255 0 0 1
132 595 -0.5 0 255 255 0 0 -1
132 595 0.5 0 255 255 0 0 1
133 596 -0.5 0 255 255 0 0 -1
133 596 0.5 0 255 255 0 0 1
134 596 -0.5 0 255 255 0 0 -1
134 596 0.5 0 255 255 0 0 1
135 597 -0.5 0 255 255 0 0 -1
135 597 0.5 0 255 255 0 0 1
139 597 -0.5 0 255 255 0 0 -1
139 597 0.5 0 255 255 0 0 1
140 598 -0.5 0 255 255 0 0 -1
140 598 0.5 0 255 255 0 0 1
141 598 -0.5 0 255 255 0 0 -1
141 598 0.5 0 255 255 0 0 1
142 599 -0.5 0 255 255 0 0 -1
142 599 0.5 0 255 255 0 0 1
144 599 -0.5 0 255 255 0 0 -1
144 599 0.5 0 255 255 0 0 1
145 600 -0.5 0 255 255 0 0 -1
145 600 0.5 0 255 255 0 0 1
148 600 -0.5 0 255 255 0 0 -1
148 600 0.5 0 255 255 0 0 1
149 601 -0.5 0 255 255 0 0 -1
149 601 0.5 0 255 255 0 0 1
152 601 -0.5 0 255 255 0 0 -1
152 601 0.5 0 255 255 0 0 1
153 602 -0.5 0 255 255 0 0 -1
153 602 0.5 0 255 255 0 0 1
154 602 -0.5 0 255 255 0 0 -1
154 602 0.5 0 255 255 0 0 1
155 603 -0.5 0 255 255 0 0 -1
155 603 0.5 0 255 255 0 0 1
157 603 -0.5 0 255 255 0 0 -1
157 603 0.5 0 255 255 0 0 1
158 604 -0.5 0 255 255 0 0 -1
158 604 0.5 0 255 255 0 0 1
160 604 -0.5 0 255 255 0 0 -1
160 604 0.5 0 255 255 0 0 1
161 605 -0.5 0 255 255 0 0 -1
161 605 0.5 0 255 255 0 0 1
162 605 -0.5 0 255 255 0 0 -1
162 605 0.5 0 255 255 0 0 1
163 606 -0.5 0 255 255 0 0 -1
163 606 0.5 0 255 255 0 0 1
166 606 -0.5 0 255 255 0 0 -1
166 606 0.5 0 255 255 0 0 1
167 607 -0.5 0 255 255 0 0 -1
167 607 0.5 0 255 255 0 0 1
172 607 -0.5 0 255 255 0 0 -1
172 607 0.5 0 255 255 0 0 1
173 608 -0.5 0 255 255 0 0 -1
173 608 0.5 0 255 255 0 0 1
177 608 -0.5 0 255 255 0 0 -1
177 608 0.5 0 255 255 0 0 1
181 612 -0.5 0 255 255 0 0 -1
181 612 0.5 0 255 255 0 0 1
185 612 -0.5 0 255 255 0 0 -1
185 612 0.5 0 255 255 0 0 1
186 613 -0.5 0 255 255 0 0 -1
186 613 0.5 0 255 255 0 0 1
191 613 -0.5 0 255 255 0 0 -1
191 613 0.5 0 255 255 0 0 1
192 614 -0.5 0 255 255 0 0 -1
192 614 0.5 0 255 255 0 0 1
206 614 -0.5 0 255 255 0 0 -1
206 614 0.5 0 255 255 0 0 1
208 616 -0.5 0 255 255 0 0 -1
208 616 0.5 0 255 255 0 0 1
209 616 -0.5 0 255 255 0 0 -1
209 616 0.5 0 255 255 0 0 1
210 617 -0.5 0 255 255 0 0 -1
210 617 0.5 0 255 255 0 0 1
236 617 -0.5 0 255 255 0 0 -1
236 617 0.5 0 255 255 0 0 1
238 619 -0.5 0 255 255 0 0 -1
238 619 0.5 0 255 255 0 0 1
269 619 -0.5 0 255 255 0 0 -1
269 619 0.5 0 255 255 0 0 1
270 620 -0.5 0 255 255 0 0 -1
270 620 0.5 0 255 255 0 0 1
271 620 -0.5 0 255 255 0 0 -1
271 620 0.5 0 255 255 0 0 1
272 621 -0.5 0 255 255 0 0 -1
272 621 0.5 0 255 255 0 0 1
279 621 -0.5 0 255 255 0 0 -1
279 621 0.5 0 255 255 0 0 1
280 620 -0.5 0 255 255 0 0 -1
280 620 0.5 0 255 255 0 0 1
283 620 -0.5 0 255 255 0 0 -1
283 620 0.5 0 255 255 0 0 1
284 619 -0.5 0 255 255 0 0 -1
284 619 0.5 0 255 255 0 0 1
288 619 -0.5 0 255 255 0 0 -1
288 619 0.5 0 255 255 0 0 1
289 618 -0.5 0 255 255 0 0 -1
289 618 0.5 0 255 255 0 0 1
298 618 -0.5 0 255 255 0 0 -1
298 618 0.5 0 255 255 0 0 1
300 616 -0.5 0 255 255 0 0 -1
300 616 0.5 0 255 255 0 0 1
307 616 -0.5 0 255 255 0 0 -1
307 616 0.5 0 255 255 0 0 1
307 615 -0.5 0 255 255 0 0 -1
307 615 0.5 0 255 255 0 0 1
308 614 -0.5 0 255 255 0 0 -1
308 614 0.5 0 255 255 0 0 1
314 614 -0.5 0 255 255 0 0 -1
314 614 0.5 0 255 255 0 0 1
316 612 -0.5 0 255 255 0 0 -1
316 612 0.5 0 255 255 0 0 1
319 612 -0.5 0 255 255 0 0 -1
319 612 0.5 0 255 255 0 0 1
320 611 -0.5 0 255 255 0 0 -1
320 611 0.5 0 255 255 0 0 1
330 611 -0.5 0 255 255 0 0 -1
330 611 0.5 0 255 255 0 0 1
331 610 -0.5 0 255 255 0 0 -1
331 610 0.5 0 255 255 0 0 1
337 610 -0.5 0 255 255 0 0 -1
337 610 0.5 0 255 255 0 0 1
338 609 -0.5 0 255 255 0 0 -1
338 609 0.5 0 255 255 0 0 1
342 609 -0.5 0 255 255 0 0 -1
342 609 0.5 0 255 255 0 0 1
343 608 -0.5 0 255 255 0 0 -1
343 608 0.5 0 255 255 0 0 1
345 608 -0.5 0 255 255 0 0 -1
345 608 0.5 0 255 255 0 0 1
347 606 -0.5 0 255 255 0 0 -1
347 606 0.5 0 255 255 0 0 1
349 606 -0.5 0 255 255 0 0 -1
349 606 0.5 0 255 255 0 0 1
350 605 -0.5 0 255 255 0 0 -1
350 605 0.5 0 255 255 0 0 1
357 605 -0.5 0 255 255 0 0 -1
357 605 0.5 0 255 255 0 0 1
358 604 -0.5 0 255 255 0 0 -1
358 604 0.5 0 255 255 0 0 1
363 604 -0.5 0 255 255 0 0 -1
363 604 0.5 0 255 255 0 0 1
366 601 -0.5 0 255 255 0 0 -1
366 601 0.5 0 255 255 0 0 1
377 601 -0.5 0 255 255 0 0 -1
377 601 0.5 0 255 255 0 0 1
378 600 -0.5 0 255 255 0 0 -1
378 600 0.5 0 255 255 0 0 1
385 600 -0.5 0 255 255 0 0 -1
385 600 0.5 0 255 255 0 0 1
385 595 -0.5 0 255 255 0 0 -1
385 595 0.5 0 255 255 0 0 1
386 594 -0.5 0 255 255 0 0 -1
386 594 0.5 0 255 255 0 0 1
395 594 -0.5 0 255 255 0 0 -1
395 594 0.5 0 255 255 0 0 1
396 593 -0.5 0 255 255 0 0 -1
396 593 0.5 0 255 255 0 0 1
403 593 -0.5 0 255 255 0 0 -1
403 593 0.5 0 255 255 0 0 1
404 592 -0.5 0 255 255 0 0 -1
404 592 0.5 0 255 255 0 0 1
428 592 -0.5 0 255 255 0 0 -1
428 592 0.5 0 255 255 0 0 1
429 593 -0.5 0 255 255 0 0 -1
429 593 0.5 0 255 255 0 0 1
441 593 -0.5 0 255 255 0 0 -1
441 593 0.5 0 255 255 0 0 1
443 591 -0.5 0 255 255 0 0 -1
443 591 0.5 0 255 255 0 0 1
455 591 -0.5 0 255 255 0 0 -1
455 591 0.5 0 255 255 0 0 1
457 593 -0.5 0 255 255 0 0 -1
457 593 0.5 0 255 255 0 0 1
457 597 -0.5 0 255 255 0 0 -1
457 597 0.5 0 255 255 0 0 1
458 598 -0.5 0 255 255 0 0 -1
458 598 0.5 0 255 255 0 0 1
458 599 -0.5 0 255 255 0 0 -1
458 599 0.5 0 255 255 0 0 1
460 601 -0.5 0 255 255 0 0 -1
460 601 0.5 0 255 255 0 0 1
460 602 -0.5 0 255 255 0 0 -1
460 602 0.5 0 255 255 0 0 1
462 604 -0.5 0 255 255 0 0 -1
462 604 0.5 0 255 255 0 0 1
468 604 -0.5 0 255 255 0 0 -1
468 604 0.5 0 255 255 0 0 1
470 602 -0.5 0 255 255 0 0 -1
470 602 0.5 0 255 255 0 0 1
474 602 -0.5 0 255 255 0 0 -1
474 602 0.5 0 255 255 0 0 1
478 598 -0.5 0 255 255 0 0 -1
478 598 0.5 0 255 255 0 0 1
479 598 -0.5 0 255 255 0 0 -1
479 598 0.5 0 255 255 0 0 1
480 597 -0.5 0 255 255 0 0 -1
480 597 0.5 0 255 255 0 0 1
487 597 -0.5 0 255 255 0 0 -1
487 597 0.5 0 255 255 0 0 1
487 589 -0.5 0 255 255 0 0 -1
487 589 0.5 0 255 255 0 0 1
488 588 -0.5 0 255 255 0 0 -1
488 588 0.5 0 255 255 0 0 1
494 588 -0.5 0 255 255 0 0 -1
494 588 0.5 0 255 255 0 0 1
495 589 -0.5 0 255 255 0 0 -1
495 589 0.5 0 255 255 0 0 1
495 594 -0.5 0 255 255 0 0 -1
495 594 0.5 0 255 255 0 0 1
494 595 -0.5 0 255 255 0 0 -1
494 595 0.5 0 255 255 0 0 1
494 600 -0.5 0 255 255 0 0 -1
494 600 0.5 0 255 255 0 0 1
496 600 -0.5 0 255 255 0 0 -1
496 600 0.5 0 255 255 0 0 1
501 605 -0.5 0 255 255 0 0 -1
501 605 0.5 0 255 255 0 0 1
503 605 -0.5 0 255 255 0 0 -1
503 605 0.5 0 255 255 0 0 1
505 607 -0.5 0 255 255 0 0 -1
505 607 0.5 0 255 255 0 0 1
507 607 -0.5 0 255 255 0 0 -1
507 607 0.5 0 255 255 0 0 1
509 609 -0.5 0 255 255 0 0 -1
509 609 0.5 0 255 255 0 0 1
510 609 -0.5 0 255 255 0 0 -1
510 609 0.5 0 255 255 0 0 1
511 610 -0.5 0 255 255 0 0 -1
511 610 0.5 0 255 255 0 0 1
513 610 -0.5 0 255 255 0 0 -1
513 610 0.5 0 255 255 0 0 1
514 611 -0.5 0 255 255 0 0 -1
514 611 0.5 0 255 255 0 0 1
515 611 -0.5 0 255 255 0 0 -1
515 611 0.5 0 255 255 0 0 1
519 615 -0.5 0 255 255 0 0 -1
519 615 0.5 0 255 255 0 0 1
521 615 -0.5 0 255 255 0 0 -1
521 615 0.5 0 255 255 0 0 1
524 618 -0.5 0 255 255 0 0 -1
524 618 0.5 0 255 255 0 0 1
526 618 -0.5 0 255 255 0 0 -1
526 618 0.5 0 255 255 0 0 1
528 620 -0.5 0 255 255 0 0 -1
528 620 0.5 0 255 255 0 0 1
531 620 -0.5 0 255 255 0 0 -1
531 620 0.5 0 255 255 0 0 1
532 621 -0.5 0 255 255 0 0 -1
532 621 0.5 0 255 255 0 0 1
533 621 -0.5 0 255 255 0 0 -1
533 621 0.5 0 255 255 0 0 1
536 624 -0.5 0 255 255 0 0 -1
536 624 0.5 0 255 255 0 0 1
537 624 -0.5 0 255 255 0 0 -1
537 624 0.5 0 255 255 0 0 1
542 629 -0.5 0 255 255 0 0 -1
542 629 0.5 0 255 255 0 0 1
543 629 -0.5 0 255 255 0 0 -1
543 629 0.5 0 255 255 0 0 1
544 630 -0.5 0 255 255 0 0 -1
544 630 0.5 0 255 255 0 0 1
545 630 -0.5 0 255 255 0 0 -1
545 630 0.5 0 255 255 0 0 1
548 633 -0.5 0 255 255 0 0 -1
548 633 0.5 0 255 255 0 0 1
552 633 -0.5 0 255 255 0 0 -1
552 633 0.5 0 255 255 0 0 1
552 629 -0.5 0 255 255 0 0 -1
552 629 0.5 0 255 255 0 0 1
553 628 -0.5 0 255 255 0 0 -1
553 628 0.5 0 255 255 0 0 1
560 628 -0.5 0 255 255 0 0 -1
560 628 0.5 0 255 255 0 0 1
562 630 -0.5 0 255 255 0 0 -1
562 630 0.5 0 255 255 0 0 1
562 634 -0.5 0 255 255 0 0 -1
562 634 0.5 0 255 255 0 0 1
561 635 -0.5 0 255 255 0 0 -1
561 635 0.5 0 255 255 0 0 1
556 635 -0.5 0 255 255 0 0 -1
556 635 0.5 0 255 255 0 0 1
556 639 -0.5 0 255 255 0 0 -1
556 639 0.5 0 255 255 0 0 1
557 639 -0.5 0 255 255 0 0 -1
557 639 0.5 0 255 255 0 0 1
558 640 -0.5 0 255 255 0 0 -1
558 640 0.5 0 255 255 0 0 1
559 640 -0.5 0 255 255 0 0 -1
559 640 0.5 0 255 255 0 0 1
560 641 -0.5 0 255 255 0 0 -1
560 641 0.5 0 255 255 0 0 1
561 641 -0.5 0 255 255 0 0 -1
561 641 0.5 0 255 255 0 0 1
562 642 -0.5 0 255 255 0 0 -1
562 642 0.5 0 255 255 0 0 1
563 642 -0.5 0 255 255 0 0 -1
563 642 0.5 0 255 255 0 0 1
566 645 -0.5 0 255 255 0 0 -1
566 645 0.5 0 255 255 0 0 1
567 645 -0.5 0 255 255 0 0 -1
567 645 0.5 0 255 255 0 0 1
568 646 -0.5 0 255 255 0 0 -1
568 646 0.5 0 255 255 0 0 1
569 646 -0.5 0 255 255 0 0 -1
569 646 0.5 0 255 255 0 0 1
570 647 -0.5 0 255 255 0 0 -1
570 647 0.5 0 255 255 0 0 1
571 647 -0.5 0 255 255 0 0 -1
571 647 0.5 0 255 255 0 0 1
576 652 -0.5 0 255 255 0 0 -1
576 652 0.5 0 255 255 0 0 1
577 652 -0.5 0 255 255 0 0 -1
577 652 0.5 0 255 255 0 0 1
578 653 -0.5 0 255 255 0 0 -1
578 653 0.5 0 255 255 0 0 1
579 653 -0.5 0 255 255 0 0 -1
579 653 0.5 0 255 255 0 0 1
582 656 -0.5 0 255 255 0 0 -1
582 656 0.5 0 255 255 0 0 1
584 656 -0.5 0 255 255 0 0 -1
584 656 0.5 0 255 255 0 0 1
587 659 -0.5 0 255 255 0 0 -1
587 659 0.5 0 255 255 0 0 1
588 659 -0.5 0 255 255 0 0 -1
588 659 0.5 0 255 255 0 0 1
591 662 -0.5 0 255 255 0 0 -1
591 662 0.5 0 255 255 0 0 1
592 662 -0.5 0 255 255 0 0 -1
592 662 0.5 0 255 255 0 0 1
595 665 -0.5 0 255 255 0 0 -1
595 665 0.5 0 255 255 0 0 1
596 665 -0.5 0 255 255 0 0 -1
596 665 0.5 0 255 255 0 0 1
600 669 -0.5 0 255 255 0 0 -1
600 669 0.5 0 255 255 0 0 1
601 669 -0.5 0 255 255 0 0 -1
601 669 0.5 0 255 255 0 0 1
604 672 -0.5 0 255 255 0 0 -1
604 672 0.5 0 255 255 0 0 1
605 672 -0.5 0 255 255 0 0 -1
605 672 0.5 0 255 255 0 0 1
610 677 -0.5 0 255 255 0 0 -1
610 677 0.5 0 255 255 0 0 1
610 679 -0.5 0 255 255 0 0 -1
610 679 0.5 0 255 255 0 0 1
613 679 -0.5 0 255 255 0 0 -1
613 679 0.5 0 255 255 0 0 1
616 682 -0.5 0 255 255 0 0 -1
616 682 0.5 0 255 255 0 0 1
617 682 -0.5 0 255 255 0 0 -1
617 682 0.5 0 255 255 0 0 1
618 683 -0.5 0 255 255 0 0 -1
618 683 0.5 0 255 255 0 0 1
623 683 -0.5 0 255 255 0 0 -1
623 683 0.5 0 255 255 0 0 1
623 681 -0.5 0 255 255 0 0 -1
623 681 0.5 0 255 255 0 0 1
624 680 -0.5 0 255 255 0 0 -1
624 680 0.5 0 255 255 0 0 1
624 673 -0.5 0 255 255 0 0 -1
624 673 0.5 0 255 255 0 0 1
625 672 -0.5 0 255 255 0 0 -1
625 672 0.5 0 255 255 0 0 1
625 671 -0.5 0 255 255 0 0 -1
625 671 0.5 0 255 255 0 0 1
627 669 -0.5 0 255 255 0 0 -1
627 669 0.5 0 255 255 0 0 1
630 669 -0.5 0 255 255 0 0 -1
630 669 0.5 0 255 255 0 0 1
632 667 -0.5 0 255 255 0 0 -1
632 667 0.5 0 255 255 0 0 1
632 620 -0.5 0 255 255 0 0 -1
632 620 0.5 0 255 255 0 0 1
633 619 -0.5 0 255 255 0 0 -1
633 619 0.5 0 255 255 0 0 1
633 607 -0.5 0 255 255 0 0 -1
633 607 0.5 0 255 255 0 0 1
634 606 -0.5 0 255 255 0 0 -1
634 606 0.5 0 255 255 0 0 1
634 595 -0.5 0 255 255 0 0 -1
634 595 0.5 0 255 255 0 0 1
635 594 -0.5 0 255 255 0 0 -1
635 594 0.5 0 255 255 0 0 1
635 593 -0.5 0 255 255 0 0 -1
635 593 0.5 0 255 255 0 0 1
637 591 -0.5 0 255 255 0 0 -1
637 591 0.5 0 255 255 0 0 1
641 591 -0.5 0 255 255 0 0 -1
641 591 0.5 0 255 255 0 0 1
643 589 -0.5 0 255 255 0 0 -1
643 589 0.5 0 255 255 0 0 1
643 546 -0.5 0 255 255 0 0 -1
643 546 0.5 0 255 255 0 0 1
644 545 -0.5 0 255 255 0 0 -1
644 545 0.5 0 255 255 0 0 1
644 429 -0.5 0 255 255 0 0 -1
644 429 0.5 0 255 255 0 0 1
645 428 -0.5 0 255 255 0 0 -1
645 428 0.5 0 255 255 0 0 1
645 382 -0.5 0 255 255 0 0 -1
645 382 0.5 0 255 255 0 0 1
646 381 -0.5 0 255 255 0 0 -1
646 381 0.5 0 255 255 0 0 1
646 376 -0.5 0 255 255 0 0 -1
646 376 0.5 0 255 255 0 0 1
645 375 -0.5 0 255 255 0 0 -1
645 375 0.5 0 255 255 0 0 1
645 373 -0.5 0 255 255 0 0 -1
645 373 0.5 0 255 255 0 0 1
644 373 -0.5 0 255 255 0 0 -1
644 373 0.5 0 255 255 0 0 1
643 372 -0.5 0 255 255 0 0 -1
643 372 0.5 0 255 255 0 0 1
643 346 -0.5 0 255 255 0 0 -1
643 346 0.5 0 255 255 0 0 1
644 345 -0.5 0 255 255 0 0 -1
644 345 0.5 0 255 255 0 0 1
644 332 -0.5 0 255 255 0 0 -1
644 332 0.5 0 255 255 0 0 1
643 331 -0.5 0 255 255 0 0 -1
643 331 0.5 0 255 255 0 0 1
643 320 -0.5 0 255 255 0 0 -1
643 320 0.5 0 255 255 0 0 1
641 318 -0.5 0 255 255 0 0 -1
641 318 0.5 0 255 255 0 0 1
